       Value     Percentile TotalCount 1/(1-Percentile)

       0.000 0.000000000000  377406420           1.00
       0.000 0.100000000000  377406420           1.11
       0.000 0.200000000000  377406420           1.25
       0.000 0.300000000000  377406420           1.43
       0.000 0.400000000000  377406420           1.67
       0.000 0.500000000000  377406420           2.00
       0.000 0.550000000000  377406420           2.22
       0.000 0.600000000000  377406420           2.50
       0.000 0.650000000000  377406420           2.86
       0.000 0.700000000000  377406420           3.33
       0.000 0.750000000000  377406420           4.00
       0.000 0.775000000000  377406420           4.44
       0.000 0.800000000000  377406420           5.00
       0.041 0.825000000000  405286890           5.71
       0.041 0.850000000000  405286890           6.67
       0.041 0.875000000000  405286890           8.00
       0.042 0.887500000000  461047389           8.89
       0.042 0.900000000000  461047389          10.00
       0.042 0.912500000000  461047389          11.43
       0.042 0.925000000000  461047389          13.33
       0.042 0.937500000000  461047389          16.00
       0.042 0.943750000000  461047389          17.78
       0.042 0.950000000000  461047389          20.00
       0.042 0.956250000000  461047389          22.86
       0.042 0.962500000000  461047389          26.67
       0.042 0.968750000000  461047389          32.00
       0.042 0.971875000000  461047389          35.56
       0.042 0.975000000000  461047389          40.00
       0.042 0.978125000000  461047389          45.71
       0.042 0.981250000000  461047389          53.33
       0.042 0.984375000000  461047389          64.00
       0.042 0.985937500000  461047389          71.11
       0.042 0.987500000000  461047389          80.00
       0.042 0.989062500000  461047389          91.43
       0.042 0.990625000000  461047389         106.67
       0.042 0.992187500000  461047389         128.00
       0.042 0.992968750000  461047389         142.22
       0.042 0.993750000000  461047389         160.00
       0.042 0.994531250000  461047389         182.86
       0.042 0.995312500000  461047389         213.33
       0.042 0.996093750000  461047389         256.00
       0.042 0.996484375000  461047389         284.44
       0.042 0.996875000000  461047389         320.00
       0.042 0.997265625000  461047389         365.71
       0.042 0.997656250000  461047389         426.67
       0.042 0.998046875000  461047389         512.00
       0.042 0.998242187500  461047389         568.89
       0.042 0.998437500000  461047389         640.00
       0.042 0.998632812500  461047389         731.43
       0.042 0.998828125000  461047389         853.33
       0.042 0.999023437500  461047389        1024.00
       0.042 0.999121093750  461047389        1137.78
       0.042 0.999218750000  461047389        1280.00
       0.042 0.999316406250  461047389        1462.86
       0.042 0.999414062500  461047389        1706.67
       0.042 0.999511718750  461047389        2048.00
       0.042 0.999560546875  461047389        2275.56
       0.042 0.999609375000  461047389        2560.00
       0.042 0.999658203125  461047389        2925.71
       0.042 0.999707031250  461047389        3413.33
       0.042 0.999755859375  461047389        4096.00
       0.042 0.999780273438  461047389        4551.11
       0.042 0.999804687500  461047389        5120.00
       0.042 0.999829101563  461047389        5851.43
       0.042 0.999853515625  461047389        6826.67
       0.083 0.999877929688  461070335        8192.00
       0.083 0.999890136719  461070335        9102.22
       0.083 0.999902343750  461070335       10240.00
       0.084 0.999914550781  461081607       11702.86
       0.084 0.999926757813  461081607       13653.33
       0.125 0.999938964844  461099584       16384.00
       0.125 0.999945068359  461099584       18204.44
       0.125 0.999951171875  461099584       20480.00
       0.125 0.999957275391  461099584       23405.71
       0.125 0.999963378906  461099584       27306.67
       0.125 0.999969482422  461099584       32768.00
       0.125 0.999972534180  461099584       36408.89
       0.125 0.999975585938  461099584       40960.00
       0.166 0.999978637695  461102463       46811.43
       0.166 0.999981689453  461102463       54613.33
       0.167 0.999984741211  461108295       65536.00
       0.167 0.999986267090  461108295       72817.78
       0.167 0.999987792969  461108295       81920.00
       0.167 0.999989318848  461108295       93622.86
       0.167 0.999990844727  461108295      109226.67
       0.167 0.999992370605  461108295      131072.00
       0.167 0.999993133545  461108295      145635.56
       0.167 0.999993896484  461108295      163840.00
       0.167 0.999994659424  461108295      187245.71
       0.208 0.999995422363  461108572      218453.33
       0.834 0.999996185303  461108817      262144.00
       2.543 0.999996566772  461108991      291271.11
       3.875 0.999996948242  461109174      327680.00
       4.711 0.999997329712  461109345      374491.43
       5.167 0.999997711182  461109539      436906.67
       5.583 0.999998092651  461109699      524288.00
       6.003 0.999998283386  461109785      582542.22
       6.459 0.999998474121  461109871      655360.00
       6.875 0.999998664856  461109961      748982.86
       7.127 0.999998855591  461110053      873813.33
       7.335 0.999999046326  461110142     1048576.00
       7.503 0.999999141693  461110183     1165084.44
       7.667 0.999999237061  461110229     1310720.00
       7.919 0.999999332428  461110268     1497965.71
       8.335 0.999999427795  461110314     1747626.67
       8.631 0.999999523163  461110355     2097152.00
       8.839 0.999999570847  461110377     2330168.89
       9.047 0.999999618530  461110401     2621440.00
       9.335 0.999999666214  461110424     2995931.43
       9.711 0.999999713898  461110443     3495253.33
      10.423 0.999999761581  461110466     4194304.00
      10.919 0.999999785423  461110476     4660337.78
      11.503 0.999999809265  461110487     5242880.00
      12.167 0.999999833107  461110498     5991862.86
      13.167 0.999999856949  461110509     6990506.67
      13.839 0.999999880791  461110520     8388608.00
      14.631 0.999999892712  461110525     9320675.55
      15.127 0.999999904633  461110531    10485760.00
      15.671 0.999999916553  461110536    11983725.71
      17.167 0.999999928474  461110542    13981013.34
      18.303 0.999999940395  461110547    16777216.00
      18.591 0.999999946356  461110550    18641351.10
      19.791 0.999999952316  461110553    20971519.98
      20.511 0.999999958277  461110555    23967451.45
      22.335 0.999999964237  461110558    27962026.68
      25.967 0.999999970198  461110561    33554432.00
      28.543 0.999999973178  461110562    37282702.28
      29.551 0.999999976158  461110564    41943039.96
      29.807 0.999999979138  461110565    47934902.91
      30.335 0.999999982119  461110566    55924053.19
      32.431 0.999999985099  461110568    67108864.00
      32.431 0.999999986589  461110568    74565404.57
      33.343 0.999999988079  461110569    83886080.31
      34.527 0.999999989569  461110570    95869805.31
      34.527 0.999999991059  461110570   111848106.39
      37.343 0.999999992549  461110571   134217728.00
      37.343 0.999999993294  461110571   149130807.90
      44.639 0.999999994040  461110572   167772160.63
      44.639 0.999999994785  461110572   191739610.61
      44.639 0.999999995530  461110572   223696215.56
      52.319 0.999999996275  461110573   268435456.00
      52.319 0.999999996647  461110573   298261615.80
      52.319 0.999999997020  461110573   335544315.00
      52.319 0.999999997392  461110573   383479229.39
      52.319 0.999999997765  461110573   447392431.11
     156.287 0.999999998137  461110574   536870912.00
     156.287 1.000000000000  461110574
#[Mean    =        0.008, StdDeviation   =        0.023]
#[Max     =      156.287, Total count    =    461110574]
#[Buckets =           32, SubBuckets     =         2048]