      Value     Percentile TotalCount 1/(1-Percentile)

       0.000 0.000000000000   81794228           1.00
       0.000 0.100000000000   81794228           1.11
       0.000 0.200000000000   81794228           1.25
       0.041 0.300000000000  145412128           1.43
       0.041 0.400000000000  145412128           1.67
       0.041 0.500000000000  145412128           2.00
       0.042 0.550000000000  272618984           2.22
       0.042 0.600000000000  272618984           2.50
       0.042 0.650000000000  272618984           2.86
       0.042 0.700000000000  272618984           3.33
       0.042 0.750000000000  272618984           4.00
       0.042 0.775000000000  272618984           4.44
       0.042 0.800000000000  272618984           5.00
       0.042 0.825000000000  272618984           5.71
       0.042 0.850000000000  272618984           6.67
       0.042 0.875000000000  272618984           8.00
       0.042 0.887500000000  272618984           8.89
       0.042 0.900000000000  272618984          10.00
       0.042 0.912500000000  272618984          11.43
       0.042 0.925000000000  272618984          13.33
       0.042 0.937500000000  272618984          16.00
       0.042 0.943750000000  272618984          17.78
       0.042 0.950000000000  272618984          20.00
       0.042 0.956250000000  272618984          22.86
       0.042 0.962500000000  272618984          26.67
       0.042 0.968750000000  272618984          32.00
       0.042 0.971875000000  272618984          35.56
       0.042 0.975000000000  272618984          40.00
       0.042 0.978125000000  272618984          45.71
       0.042 0.981250000000  272618984          53.33
       0.042 0.984375000000  272618984          64.00
       0.042 0.985937500000  272618984          71.11
       0.042 0.987500000000  272618984          80.00
       0.042 0.989062500000  272618984          91.43
       0.042 0.990625000000  272618984         106.67
       0.042 0.992187500000  272618984         128.00
       0.042 0.992968750000  272618984         142.22
       0.042 0.993750000000  272618984         160.00
       0.042 0.994531250000  272618984         182.86
       0.042 0.995312500000  272618984         213.33
       0.042 0.996093750000  272618984         256.00
       0.042 0.996484375000  272618984         284.44
       0.042 0.996875000000  272618984         320.00
       0.042 0.997265625000  272618984         365.71
       0.083 0.997656250000  273034475         426.67
       0.083 0.998046875000  273034475         512.00
       0.083 0.998242187500  273034475         568.89
       0.083 0.998437500000  273034475         640.00
       0.083 0.998632812500  273034475         731.43
       0.083 0.998828125000  273034475         853.33
       0.083 0.999023437500  273034475        1024.00
       0.084 0.999121093750  273242163        1137.78
       0.084 0.999218750000  273242163        1280.00
       0.084 0.999316406250  273242163        1462.86
       0.084 0.999414062500  273242163        1706.67
       0.084 0.999511718750  273242163        2048.00
       0.084 0.999560546875  273242163        2275.56
       0.084 0.999609375000  273242163        2560.00
       0.084 0.999658203125  273242163        2925.71
       0.084 0.999707031250  273242163        3413.33
       0.084 0.999755859375  273242163        4096.00
       0.084 0.999780273438  273242163        4551.11
       0.084 0.999804687500  273242163        5120.00
       0.084 0.999829101563  273242163        5851.43
       0.125 0.999853515625  273257567        6826.67
       0.125 0.999877929688  273257567        8192.00
       0.125 0.999890136719  273257567        9102.22
       0.166 0.999902343750  273264010       10240.00
       0.166 0.999914550781  273264010       11702.86
       0.167 0.999926757813  273276754       13653.33
       0.167 0.999938964844  273276754       16384.00
       0.167 0.999945068359  273276754       18204.44
       0.167 0.999951171875  273276754       20480.00
       0.167 0.999957275391  273276754       23405.71
       0.208 0.999963378906  273279336       27306.67
       0.208 0.999969482422  273279336       32768.00
       0.208 0.999972534180  273279336       36408.89
       0.209 0.999975585938  273280696       40960.00
       0.291 0.999978637695  273281028       46811.43
       0.459 0.999981689453  273281832       54613.33
       0.750 0.999984741211  273283234       65536.00
       0.750 0.999986267090  273283234       72817.78
       0.792 0.999987792969  273283503       81920.00
       0.875 0.999989318848  273283943       93622.86
       0.958 0.999990844727  273284382      109226.67
       1.084 0.999992370605  273284744      131072.00
       1.334 0.999993133545  273284958      145635.56
       1.625 0.999993896484  273285159      163840.00
       2.543 0.999994659424  273285366      187245.71
       4.001 0.999995422363  273285577      218453.33
       4.959 0.999996185303  273285792      262144.00
       5.167 0.999996566772  273285886      291271.11
       5.375 0.999996948242  273286005      327680.00
       5.667 0.999997329712  273286097      374491.43
       6.419 0.999997711182  273286201      436906.67
       6.959 0.999998092651  273286307      524288.00
       7.083 0.999998283386  273286360      582542.22
       7.167 0.999998474121  273286412      655360.00
       7.295 0.999998664856  273286472      748982.86
       7.419 0.999998855591  273286513      873813.33
       7.835 0.999999046326  273286569     1048576.00
       8.043 0.999999141693  273286590     1165084.44
       8.215 0.999999237061  273286620     1310720.00
       8.423 0.999999332428  273286641     1497965.71
       8.711 0.999999427795  273286668     1747626.67
       9.167 0.999999523163  273286694     2097152.00
       9.375 0.999999570847  273286706     2330168.89
       9.631 0.999999618530  273286720     2621440.00
      10.167 0.999999666214  273286732     2995931.43
      10.463 0.999999713898  273286745     3495253.33
      11.375 0.999999761581  273286758     4194304.00
      12.127 0.999999785423  273286765     4660337.78
      12.375 0.999999809265  273286772     5242880.00
      12.631 0.999999833107  273286778     5991862.86
      13.127 0.999999856949  273286786     6990506.67
      13.583 0.999999880791  273286791     8388608.00
      13.839 0.999999892712  273286794     9320675.55
      14.087 0.999999904633  273286797    10485760.00
      14.463 0.999999916553  273286802    11983725.71
      14.799 0.999999928474  273286804    13981013.34
      14.919 0.999999940395  273286807    16777216.00
      15.007 0.999999946356  273286809    18641351.10
      15.047 0.999999952316  273286810    20971519.98
      15.631 0.999999958277  273286812    23967451.45
      16.847 0.999999964237  273286814    27962026.68
      17.055 0.999999970198  273286815    33554432.00
      17.167 0.999999973178  273286816    37282702.28
      17.295 0.999999976158  273286817    41943039.96
      17.919 0.999999979138  273286818    47934902.91
      21.167 0.999999982119  273286819    55924053.19
      21.167 0.999999985099  273286819    67108864.00
      22.175 0.999999986589  273286820    74565404.57
      22.175 0.999999988079  273286820    83886080.31
      29.583 0.999999989569  273286821    95869805.31
      29.583 0.999999991059  273286821   111848106.39
      29.583 0.999999992549  273286821   134217728.00
      30.095 0.999999993294  273286822   149130807.90
      30.095 0.999999994040  273286822   167772160.63
      30.095 0.999999994785  273286822   191739610.61
      30.095 0.999999995530  273286822   223696215.56
      30.095 0.999999996275  273286822   268435456.00
      30.127 0.999999996647  273286823   298261615.80
      30.127 1.000000000000  273286823
#[Mean    =        0.029, StdDeviation   =        0.025]
#[Max     =       30.127, Total count    =    273286823]
#[Buckets =           32, SubBuckets     =         2048]